A  B  C  D  E  F  G  


101路 
A <- 12 -> B <- 10 -> C <- 3 -> D <- 3 -> 

102路
A <- 14 -> G <- 8 -> E <- 4 -> D <- 3 -> 

103路
B <- 7 -> F <- 16 -> A <- 3 -> 

104路
G <- 9 -> F <- 2 -> E <- 3 -> 


< F - 6 - C >< C - 5 - E >

